1000
3 80.09
8 184.91
9 205.9
11 248.06
14 310.91
20 436.99
33 709.98
34 731.01
38 815.04
42 899.03
43 919.97
48 1025.09
50 1067.01
59 1255.94
60 1277.05
67 1423.97
70 1486.96
73 1550
75 1592.07
80 1697.1
84 1780.93
85 1801.96
89 1885.9
101 2138.02
105 2221.93
110 2326.95
111 2348
121 2558.1
123 2599.95
125 2641.99
129 2725.98
131 2768.09
140 2957.05
149 3145.97
156 3293.01
157 3314.04
160 3377
165 3481.93
168 3545.03
172 3629.1
184 3880.91
193 4070.01
196 4133.07
204 4300.92
207 4363.9
209 4406.02
220 4636.97
229 4826.06
235 4952.08
237 4993.97
251 5288.04
254 5350.9
260 5476.98
268 5645
269 5666.03
275 5791.98
286 6023.1
302 6358.99
309 6505.91
317 6673.95
320 6736.93
331 6968.01
332 6988.94
347 7304.06
353 7430
359 7556.02
363 7640.07
366 7703.06
368 7744.94
370 7786.93
372 7829.09
382 8038.92
384 8080.98
386 8123.01
388 8165.07
393 8270.05
395 8312.04
397 8354.03
403 8479.95
408 8584.97
414 8710.91
418 8794.92
420 8837.05
423 8900.03
427 8984.01
429 9025.97
437 9194.06
438 9215.01
439 9236.09
444 9340.97
446 9383.09
454 9551
457 9613.91
459 9655.98
476 10013
491 10328
500 10516.9
501 10538
505 10621.9
506 10643.1
514 10811.1
518 10895
530 11147
531 11168
539 11336.1
547 11503.9
549 11546
552 11609.1
556 11693
559 11756.1
565 11882
566 11903
567 11924
586 12323.1
588 12365
590 12407
592 12448.9
609 12806.1
622 13078.9
630 13247.1
635 13352
656 13793.1
659 13856
662 13919.1
678 14254.9
681 14318
688 14465.1
691 14527.9
695 14612
698 14675
699 14696.1
702 14759.1
707 14864.1
712 14969
718 15094.9
719 15116.1
723 15200
735 15452.1
738 15515.1
740 15557
744 15641
761 15998.1
773 16250
774 16271.1
776 16312.9
781 16418
783 16460
789 16586
795 16711.9
799 16796
801 16837.9
806 16943.1
808 16985
812 17068.9
815 17132
819 17215.9
827 17384.1
830 17447
833 17509.9
847 17804
856 17993
861 18098.1
862 18119.1
868 18245
871 18308
873 18349.9
874 19246
876 19290.1
877 19312.1
883 19444
895 19708.1
896 19730.1
912 20082.1
916 20170
918 20214
927 20412.1
930 20478.1
941 20720
943 20764
951 20939.9
956 21050
958 21094
959 21116.1
970 21358
975 21467.9
976 21489.9
981 21600
990 21797.9
1002 22062
1003 22084.1
1010 22238
1011 22260.1
1015 22348.1
1031 22700
1041 22920.1
1048 23074.1
1053 23184
1056 23249.9
1061 23360.1
1069 23535.9
1075 23668.1
1080 23778
1089 23976.1
1095 24108.1
1098 24174
1100 24218.1
1101 24240.1
1103 24284
1105 24327.9
1109 24416
1110 24438
1114 24526.1
1119 24636.1
1120 24658
1124 24746
1126 24790
1135 24988.1
1136 25010
1137 25031.9
1139 25075.9
1140 25098
1143 25164
1144 25186
1146 25229.9
1157 25472
1161 25559.9
1162 25582
1164 25626
1165 25648
1166 25669.9
1170 25757.9
1171 25780
1173 25823.9
1174 25846.1
1175 25867.9
1177 25912
1179 25956.1
1189 26176.1
1196 26330
1200 26418
1201 26440
1204 26506
1210 26638
1217 26792
1219 26835.9
1220 26858.1
1223 26924
1227 27012.1
1238 27254
1239 27276
1240 27298.1
1257 27671.9
1277 28112
1278 28134.1
1280 28178.1
1287 28331.9
1291 28420
1293 28464
1299 28596
1300 28618
1305 28728
1308 28793.9
1316 28970
1319 29036
1338 29454
1346 29630
1351 29740.1
1352 29762.1
1355 29828
1356 29850
1361 29959.9
1362 29982
1369 30136
1371 30179.9
1374 30246
1375 30268
1386 30509.9
1390 30598
1397 30752
1404 30906
1409 31016.1
1419 31236
1420 31258
1426 31390.1
1428 31434.1
1429 31456.1
1430 31478
1431 31500
1433 31544
1436 31610
1441 31720
1452 31962
1455 32027.9
1467 32291.9
1470 32357.9
1475 32467.9
1491 32820
1494 32886
1503 33084
1509 33216.1
1510 33238
1515 33347.9
1516 33370
1522 33502
1528 33633.9
1529 33656
1543 33964
1546 34029.9
1547 34052
1561 34360
1572 34602
1574 34645.9
1575 34667.9
1578 34734
1589 34975.9
1592 35042.1
1595 35108.1
1598 35174.1
1602 35262.1
1611 35460
1616 35570
1617 35591.9
1627 35812
1631 35900.1
1637 36032
1649 36296
1651 36340.1
1657 36472
1661 36560
1663 36604.1
1678 36934.1
1683 37044.1
1685 43833.1
1699 44197.1
1700 44223.1
1702 44275.1
1704 44327
1707 44405
1712 44535.1
1725 44873
1730 45003
1731 45028.9
1737 45185
1738 45210.9
1746 45419
1753 45601
1755 45653.1
1757 45705
1761 45809.1
1762 45835.1
1765 45912.9
1768 45991.1
1777 46224.9
1783 46381
1785 46433
1802 46874.9
1804 46927
1805 46953
1808 47031
1824 47447
1827 47524.9
1828 47551
1830 47603
1833 47681
1837 47785
1848 48071.1
1852 48175.1
1856 48278.9
1858 48331
1862 48434.9
1869 48616.9
1871 48669.1
1872 48694.9
1883 48981
1885 49033
1887 49085
1901 49449
1903 49501.1
1907 49605.1
1916 49839.1
1918 49890.9
1923 50021.1
1924 50047.1
1932 50254.9
1934 50306.9
1945 50592.9
1961 51009.1
1968 51190.9
1980 51503.1
1983 51581
1990 51762.9
1994 51867.1
1995 51893
1996 51919.1
2002 52075
2009 52256.9
2012 52334.9
2016 52439.1
2020 52542.9
2022 52595
2029 52776.9
2045 53192.9
2046 53219.1
2047 53244.9
2049 53296.9
2058 53531
2059 53557
2072 53895
2081 54128.9
2089 54337
2099 54597
2101 54649.1
2102 54674.9
2107 54805
2111 54909.1
2120 55142.9
2125 55273
2127 55325
2129 55377
2133 55481
2140 55662.9
2142 55715
2148 55871.1
2157 56104.9
2159 56157.1
2163 56261.1
2164 56287
2168 56391.1
2170 56443
2175 56573
2176 56598.9
2183 56780.9
2187 56884.9
2189 56936.9
2197 57145
2198 57170.9
2201 57249
2203 57301.1
2212 57535
2218 57691.1
2226 57899.1
2231 58029.1
2233 58080.9
2235 58133.1
2240 58263
2242 58314.9
2246 58419
2248 58471
2255 58652.9
2257 58705
2259 58757.1
2270 59042.9
2271 59068.9
2273 59121.1
2278 59250.9
2285 59433
2286 59459.1
2287 59485
2288 59510.9
2289 59537
2293 59641.1
2304 59927
2310 60082.9
2319 60317
2328 60550.9
2330 60603
2336 60759
2337 60784.9
2343 60940.9
2356 61279.1
2359 61357
2366 61539
2372 61695
2375 61773
2379 61877
2385 62033.1
2387 62084.9
2399 62396.9
2409 62656.9
2412 62735.1
2422 62995.1
2425 63072.9
2435 63333
2440 63463.1
2442 63515
2448 63670.9
2449 63697.1
2463 64061
2470 64242.9
2471 64269
2476 64398.9
2484 64607
2485 64633
2497 64945
2505 65153
2506 65179
2511 65309
2513 65360.9
2514 72930
2530 73394.1
2532 73451.9
2538 73626.1
2544 73800.1
2546 73857.9
2547 73887
2549 73945.1
2552 74032
2553 74061
2557 74177.1
2561 74293
2565 74408.9
2568 74496.1
2570 74554
2572 74612
2574 74669.9
2582 74902
2583 74931.1
2591 75163
2594 75249.9
2611 75742.9
2615 75859
2624 76119.9
2626 76178.1
2627 76207
2642 76642
2644 76700
2650 76874.1
2656 77048
2658 77105.9
2659 77134.9
2660 77164
2661 77193
2663 77251
2665 77308.9
2666 77337.9
2683 77831.1
2686 77918
2712 78671.9
2718 78845.9
2719 78874.9
2733 79280.9
2741 79513.1
2748 79716
2756 79948
2758 80006
2775 80498.9
2776 80528
2778 80586.1
2781 80673
2789 80905
2791 80963
2793 81021
2797 81137
2804 81340.1
2814 81630
2818 81746
2822 81862
2823 81891.1
2824 81920
2825 81949.1
2838 82325.9
2842 82441.9
2856 82848
2858 82906.1
2868 83196
2870 83254.1
2871 83283.1
2875 83399
2876 83428
2880 83543.9
2884 83660
2892 83892
2895 83978.9
2903 84211
2904 84240
2906 84297.9
2913 84501
2917 84617
2924 84820.1
2927 84907.1
2930 84994.1
2942 85342
2944 85400
2948 85515.9
2953 85661.1
2961 85893
2967 86067
2970 86154
2971 86182.9
2979 86414.9
2980 86444.1
2982 86502.1
2984 86559.9
2987 86646.9
2991 86763
2994 86850
2999 86995
3000 87024.1
3002 87081.9
3004 87140.1
3007 87226.9
3017 87517
3019 87575
3021 87633
3022 87662.1
3023 87691.1
3029 87864.9
3030 87894
3031 87922.9
3036 88068
3048 88416
3061 88792.9
3062 88822
3076 89228
3085 89489
3088 89575.9
3094 89750
3102 89981.9
3106 90097.9
3109 90184.9
3113 90301.1
3116 90387.9
3118 90446
3121 90533.1
3129 90764.9
3131 90823.1
3134 90910
3137 90996.9
3140 91084
3143 91170.9
3144 91200
3149 91345
3151 91402.9
3156 91548.1
3166 91838.1
3172 92012
3174 92070.1
3178 92186
3179 92215
3190 92534.1
3194 92650.1
3196 92708.1
3199 92795
3204 92939.9
3209 93084.9
3212 93171.9
3213 93201
3215 93259.1
3223 93491
3227 93607
3252 94332
3254 94390.1
3260 94563.9
3272 94912.1
3273 94941
3275 94999
3287 95347.1
3295 95579
3301 95753
3311 96043.1
3313 96101
3314 96130.1
3315 96158.9
3316 96188
3324 119697
3325 119733
3335 120093
3337 120165
3339 120237
3342 120345
3343 120381
3344 120417
3346 120489
3352 120705
3359 120957
3382 121785
3383 121821
3384 121857
3389 122037
3391 122109
3393 122181
3396 122289
3397 122325
3401 122469
3409 122757
3419 123117
3420 123153
3421 123189
3427 123405
3428 123441
3430 123513
3431 123549
3435 123693
3441 123909
3442 123945
3446 124089
3449 124197
3453 124341
3454 124377
3465 124773
3468 124881
3471 124989
3486 125529
3491 125709
3498 125961
3500 126033
3501 126069
3502 126105
3505 126213
3513 126501
3516 126609
3517 126645
3528 127041
3534 127257
3538 127401
3546 127689
3550 127833
3554 127977
3567 128445
3571 128589
3596 129489
3597 129525
3602 129705
3604 129777
3621 130389
3623 130461
3626 130569
3627 130605
3635 130893
3644 131217
3657 131685
3662 131865
3666 132009
3669 132117
3670 132153
3676 132369
3681 132549
3686 132729
3688 132801
3690 132873
3691 132909
3697 133125
3698 133161
3700 133233
3701 133269
3703 133341
3714 133737
3716 133809
3724 134097
3727 134205
3732 134385
3738 134601
3739 134637
3742 134745
3745 134853
3746 134889
3752 135105
3754 135177
3760 135393
3761 135429
3762 135465
3767 135645
3770 135753
3789 136437
3802 136905
3807 137085
3811 137229
3814 137337
3817 137445
3822 137625
3828 137841
3834 138057
3835 138093
3836 138129
3841 138309
3846 138489
3850 138633
3852 138705
3858 138921
3869 139317
3877 139605
3879 139677
3881 139749
3882 139785
3883 139821
3886 139929
3892 140145
3893 140181
3901 140469
3908 140721
3910 140793
3918 141081
3921 141189
3926 141369
3935 141693
3946 142089
3962 142665
3964 142737
3965 142773
3987 143565
4002 144105
4003 144141
4004 144177
4005 144213
4007 144285
4017 144645
4026 144969
4029 145077
4033 145221
4038 145401
4040 145473
4046 145689
4049 145797
4052 145905
4054 145977
4055 146013
4056 146049
4059 146157
4061 146229
4068 146481
4071 146589
4076 146769
4092 147345
4094 147417
4095 147453
4096 147489
4101 147669
4102 147705
4105 147813
4113 148101
4116 156448
4140 157360
4145 157550
4151 157778
4160 158120
4162 158196
4167 158386
4170 158500
4177 158766
4186 159108
4189 159222
4190 159260
4193 159374
4194 159412
4195 159450
4198 159564
4206 159868
4212 160096
4213 160134
4214 160172
4223 160514
4246 161388
4248 161464
4252 161616
4262 161996
4264 162072
4265 162110
4266 162148
4274 162452
4276 162528
4278 162604
4289 163022
4293 163174
4296 163288
4311 163858
4312 163896
4314 163972
4315 164010
4327 164466
4330 164580
4340 164960
4343 165074
4348 165264
4361 165758
4362 165796
4365 165910
4368 166024
4369 166062
4373 166214
4374 166252
4380 166480
4382 166556
4392 166936
4401 167278
4404 167392
4412 167696
4416 167848
4422 168076
4428 168304
4434 168532
4444 168912
4449 169102
4451 169178
4461 169558
4471 169938
4477 170166
4480 170280
4481 170318
4482 170356
4488 170584
4500 171040
4501 171078
4506 171268
4511 171458
4514 171572
4524 171952
4526 172028
4534 172332
4541 172598
4552 173016
4553 173054
4561 173358
4563 173434
4566 173548
4573 173814
4574 173852
4578 174004
4581 174118
4583 174194
4584 174232
4590 174460
4606 175068
4611 175258
4616 175448
4631 176018
4641 176398
4643 176474
4645 176550
4652 176816
4653 176854
4669 177462
4675 177690
4687 178146
4689 178222
4697 178526
4699 178602
4701 178678
4706 178868
4707 178906
4708 178944
4727 179666
4730 179780
4745 180350
4747 180426
4748 180464
4749 180502
4750 180540
4759 180882
4760 180920
4763 181034
4764 181072
4766 181148
4769 181262
4772 181376
4781 181718
4790 182060
4802 182516
4803 182554
4805 182630
4806 182668
4807 182706
4808 182744
4814 182972
4818 183124
4825 183390
4838 183884
4840 183960
4844 184112
4846 184188
4849 184302
4853 184454
4854 184492
4874 185252
4875 185290
4877 185366
4879 185442
4885 185670
4886 185708
4888 185784
4899 186202
4900 186240
4907 186506
4911 186658
4912 186696
4917 186886
4923 187114
4930 187380
4931 187418
4937 187646
4943 187874
4950 188140
4954 188292
4955 188330
4957 188406
4959 188482
4966 188748
4968 188824
4969 188862
4981 189318
4999 190002
