1000
-427 92 103 1286 
-541 842 -1550 -1200 
-14 1565 -1612 -594 
-1353 1760 -1095 1567 
-673 1485 -1912 -1561 
-1877 1655 -1050 1278 
-476 1009 -1122 1547 
-1408 -224 -1114 428 
-408 985 -880 -852 
640 836 -1719 1902 
-1803 229 -272 -77 
-1864 -515 -1622 -621 
-164 -49 -115 153 
-857 -372 -342 72 
303 888 -1924 -569 
-1635 -780 -611 248 
-1073 1668 -1373 1643 
808 864 -1670 371 
255 927 -1104 312 
-576 1429 -888 1156 
-852 781 -1516 -1387 
-1062 418 -1753 -1669 
-1730 -57 899 1886 
-1267 1460 153 250 
-80 803 -1942 1455 
-1322 -59 -1456 660 
-839 1446 -1772 -1739 
898 1177 258 1868 
-857 1009 -1678 1850 
-1656 76 -1267 1384 
1520 1702 1521 1906 
446 1717 -950 1603 
114 1554 -899 189 
-1472 1885 -23 1607 
1297 1611 -1728 -1438 
-1809 -1144 -1037 -680 
-1335 -243 -1851 -1337 
426 1037 604 668 
-1757 1017 -1111 1942 
-1668 1832 181 1469 
1191 1927 -1749 -1640 
-1395 557 -1973 -1196 
-870 347 -1024 3 
-328 -167 -1522 580 
-1956 881 -873 -822 
316 522 -1590 -778 
-610 -410 -1790 67 
-1712 -1055 -652 -223 
-1647 -433 1301 1665 
-960 1999 -1506 -780 
-1666 1886 -983 -330 
206 832 -1260 -672 
-1084 -354 -1614 996 
-1711 -623 1222 2000 
1344 1690 1267 1624 
-1818 1984 525 1070 
-384 1677 -1815 -1274 
1015 1912 -577 1906 
168 816 232 1989 
-708 575 -726 380 
752 919 -1839 -240 
-1010 -228 603 1700 
-1674 -133 -1789 -1662 
-725 522 -1442 86 
-804 939 -1963 562 
-1069 360 -1589 -727 
-176 447 303 406 
-1867 -402 1597 1876 
-1136 1824 -838 1812 
-740 -293 -620 -501 
-1012 -382 -906 1619 
522 718 -1789 1608 
-787 -409 -1990 1824 
-1062 1927 -1023 267 
-702 -670 -1572 -263 
-1507 -41 1192 1584 
-1403 1500 -1658 696 
269 1494 -695 721 
-1296 2 -132 1865 
-1589 655 -576 1526 
-986 678 152 1041 
1010 1186 829 1578 
-1230 -701 -1403 132 
-1860 187 131 1363 
560 1692 -1176 -376 
-1788 1166 -1701 -1602 
-1595 353 -1440 1348 
-320 696 -900 694 
839 1358 -362 1018 
-828 201 729 806 
-1280 -858 -42 1469 
-1673 87 -1805 110 
-859 27 -1817 535 
-1437 -227 358 1300 
175 500 -1316 -640 
174 1248 896 980 
-1186 226 1203 1819 
402 1736 171 1201 
263 783 1802 1843 
-83 928 -1846 -1066 
912 943 -1480 1595 
-1096 596 -1011 -591 
-307 -288 -156 872 
-271 1297 427 708 
-1210 1537 1001 1441 
183 1472 -494 991 
-73 237 152 1173 
-771 -72 -1836 -585 
-758 -8 -1608 -248 
-934 1215 -503 56 
-1615 998 -587 217 
-1868 -670 918 1514 
213 1480 600 859 
-1493 1768 -1471 -1348 
-745 1344 774 1887 
-1761 1763 -646 745 
-1722 -1557 -1324 473 
841 1941 -723 -313 
-1922 -836 -1663 1986 
592 943 -148 267 
-854 328 581 711 
-161 728 383 1835 
-1520 -577 -649 976 
-115 741 -1328 252 
-1557 74 441 1918 
314 814 922 1414 
-1828 1365 -1704 -1095 
-1114 1934 409 1648 
-1548 1589 587 1231 
67 446 -1921 426 
1670 1830 -709 1723 
-1904 828 377 1703 
-1811 92 -60 623 
-278 -35 -1199 1631 
200 1256 -1407 -1148 
151 260 -1851 327 
-1539 -680 -1047 1926 
-1747 -1221 -544 861 
-1656 1152 -1848 1828 
-1670 464 -1559 -1141 
-118 905 -1599 -655 
-483 1798 -587 1650 
-212 537 -471 1507 
178 1461 785 1477 
-1463 782 -328 1730 
-1563 1132 -358 1407 
-286 1153 -1246 -616 
-845 1759 1301 1584 
-809 -274 1024 1918 
-1395 530 -1246 -260 
-1515 278 -1623 -567 
-1337 821 -1309 1465 
-439 96 -396 190 
1461 1836 -1405 256 
1350 1672 1522 1594 
417 423 -934 1349 
-1620 -659 1204 1587 
902 1735 -1851 -1626 
-914 -863 811 1310 
591 1535 -1209 1453 
-1106 142 -1353 -58 
1006 1665 -1616 1772 
-95 555 -1610 492 
-1827 -1214 -1878 -1682 
-317 1893 1165 1774 
232 566 -879 229 
-403 2 -1632 -1300 
80 444 -1866 -128 
-1165 1608 -1728 830 
-409 -364 -761 922 
-1841 -483 -1572 1411 
1528 1751 -109 803 
-966 11 -475 1078 
17 674 -1783 -1625 
-856 -293 726 1832 
-261 943 -1498 -554 
968 1034 -1548 -1412 
-1827 -994 -1337 456 
-1763 -1634 -1920 -366 
37 1261 -888 -538 
427 1622 -227 1784 
-372 168 929 1949 
-1933 -564 173 755 
-400 67 -1480 455 
-1936 -821 -752 1481 
-244 599 -1723 1734 
-1793 -845 -1840 -1493 
-917 -276 1126 1271 
-1233 1932 -900 -33 
-986 1526 78 1391 
-1471 424 -471 595 
-754 962 -585 1913 
624 1546 1585 1648 
100 497 -1210 504 
710 946 -1297 997 
-1381 436 -907 1523 
-437 1470 -953 337 
-690 -675 -353 1642 
78 881 690 1056 
-428 970 -1802 -804 
-299 102 139 727 
-32 731 -1153 -383 
631 910 -1447 419 
865 1587 -345 1498 
97 891 -1889 -1665 
-148 -79 1163 1655 
-133 1550 155 475 
-1354 -1307 -1383 1820 
-1821 -585 305 1475 
-1771 128 -1110 1219 
-1255 -1198 862 1182 
-1955 70 307 776 
-1530 -235 114 157 
985 1175 -336 1678 
1064 2000 -1263 1046 
398 1288 -1603 -1527 
487 872 -1851 -729 
-1617 986 -1895 1662 
-1359 1481 -577 472 
-1069 1389 1391 1573 
-1723 -836 -868 1897 
-529 -312 -1675 313 
798 1699 1100 1705 
-630 1693 -326 1161 
-432 1273 -525 1590 
-1327 386 -1099 1596 
-286 1235 -21 1717 
-747 1861 -1582 -202 
-1124 643 -1891 1947 
-1688 427 887 1503 
844 1557 -878 1456 
23 1099 -1840 -1558 
-1173 -1160 -632 966 
-1880 1877 -1768 247 
-895 1672 -1741 -1299 
-586 383 9 1280 
-1307 -669 -1406 -524 
-751 1977 -1055 620 
-317 1460 -1037 834 
839 1929 1272 1452 
-1966 1887 -1815 1240 
511 1183 -1727 1930 
-1001 603 -1955 -1199 
-1497 -80 57 961 
-235 1937 1374 1682 
-87 1427 -1591 49 
-1359 -1123 -1945 -361 
-1752 828 -2 1168 
-1927 519 -1801 760 
-120 -27 -553 -60 
-15 237 -540 -259 
-1877 -449 -480 497 
-1976 -705 -299 675 
-1483 -944 991 1276 
-1356 819 -1110 1111 
-724 1890 -929 -663 
-1539 1036 -633 37 
-423 910 -1100 908 
-1240 -522 1099 1922 
-1396 -978 -1199 469 
-1805 -1426 -1648 300 
-1260 1991 -1800 525 
-1487 -1039 739 914 
1065 1973 -1817 303 
-504 486 -971 1948 
-1404 1931 -1597 423 
-653 -4 709 1509 
-777 618 -153 584 
-1571 1129 650 1301 
-1796 747 -1063 896 
-1430 -40 -1763 -437 
-38 1284 -1793 -1536 
-1034 -250 -267 407 
-1436 1281 -714 686 
-1519 -136 -1391 1701 
-1981 -134 958 1443 
272 1327 -1292 1318 
-928 1576 -1318 -1022 
-927 991 -1256 1997 
-262 1336 981 1359 
-1896 631 854 1898 
-918 1708 -1487 -892 
1659 1948 -1588 -362 
-1783 -1618 -184 251 
-316 1832 -1853 -1043 
-1606 201 -1645 1199 
897 1699 -1346 1595 
-1590 -566 905 1118 
-893 1919 -231 1927 
-1251 769 -389 159 
1149 1640 -271 -6 
-1694 -892 596 1058 
-1518 35 39 666 
27 108 -690 -620 
-1321 1539 502 1769 
56 156 -529 176 
-744 -332 259 1867 
-1998 -1717 -230 1143 
-1236 1552 -1937 1571 
-1877 1748 -1650 804 
-1433 -723 -1517 592 
348 667 -583 709 
726 1440 -1124 244 
109 396 1443 1555 
-1491 -540 -1838 1406 
-1891 -760 -1752 -753 
-627 809 751 932 
-1752 1234 -1102 -517 
-1223 -385 -1485 -341 
-764 -173 1180 1794 
60 643 1469 1900 
1012 1432 -402 1694 
1657 1692 -1422 343 
-1076 1820 1836 1949 
-489 -344 -990 1542 
-244 -85 -1498 1423 
-1433 1492 -1102 -822 
-305 161 -1191 505 
-3 1254 -146 418 
157 623 204 1970 
-1047 811 -288 322 
-975 1256 -702 -389 
-1201 1122 4 900 
-1564 1555 -1475 -579 
-1215 1246 -1518 787 
-1009 -993 -1540 1986 
-1792 -943 -1942 -927 
1700 1884 -198 -72 
396 819 -452 883 
-1063 -40 1587 1721 
671 1308 -1289 -1269 
-913 13 823 1467 
-288 1480 -1174 416 
19 714 -73 -54 
-1697 -813 -1733 726 
-129 1267 -1591 1548 
-282 1857 -1278 1818 
-15 652 -737 831 
148 546 -882 371 
-49 649 -1196 1399 
-1839 -342 -316 245 
-1674 658 986 1749 
-619 1335 -349 1633 
1676 1997 1178 1547 
13 14 -340 1991 
-1079 605 -858 1858 
-1320 254 -428 582 
554 1114 -1400 1208 
-1689 -689 -984 844 
-215 1260 -1560 906 
-23 1901 324 1951 
1082 1342 -1865 706 
-903 -150 32 1786 
-1428 1066 -1990 -1325 
1780 1862 -1679 -774 
-1204 916 -1354 960 
-256 1618 -744 1819 
-1605 -1598 -488 1545 
-494 -291 -646 132 
-1589 947 -307 1483 
-1042 -476 -1529 407 
-250 739 -1400 -298 
463 1727 898 1969 
-1464 232 -1787 -1013 
-929 422 -487 534 
-187 1072 -493 1228 
-521 271 -1069 -495 
-750 1080 691 1281 
420 1867 -1987 591 
1417 1599 -222 1197 
1124 1704 -1522 -1221 
-1838 113 -1512 -399 
344 800 -1632 1135 
-1614 -340 -976 -556 
-955 -502 -586 124 
-396 278 -442 -101 
-718 -127 -1377 700 
276 1914 -946 -869 
-1324 1925 -570 204 
7 1285 -1772 -496 
-772 -712 -1068 744 
-528 -486 -1993 -1003 
-1159 -398 -979 -692 
466 1478 -796 66 
-1045 253 208 1784 
-1851 -1743 -535 1550 
44 1901 -1103 1321 
-777 397 1208 1558 
-1897 6 617 701 
-1640 785 -462 -294 
250 1602 -820 1869 
-1128 1213 1487 1966 
-550 656 -208 391 
-555 399 -756 169 
297 1974 530 1740 
1569 1923 -278 1379 
-1284 1504 -693 359 
-446 383 -1543 1528 
-289 1148 481 1361 
558 583 -499 1089 
-1303 1436 980 1092 
-204 139 -1446 956 
-757 1400 -1627 -552 
-984 1350 -1052 1029 
-1414 -375 -1636 825 
-888 432 223 615 
-1361 1798 262 897 
-1969 29 -1673 1544 
922 1353 -1822 -1066 
-1535 -498 -1169 170 
-1551 -1377 -1414 1727 
1022 1681 -913 -894 
-1051 -226 -1295 1871 
1025 1529 -1251 1459 
-692 -273 -376 655 
-1477 -982 -685 1102 
165 1853 -1847 1405 
145 1879 475 1534 
38 710 -521 191 
-1722 1370 -1928 -1326 
5 892 152 296 
-863 1653 -1505 1909 
-327 219 76 244 
41 853 -511 -441 
-258 91 -1825 -1013 
427 1098 -771 1118 
-1087 -701 -18 992 
-677 50 -1747 -671 
151 447 -1722 -586 
460 1848 -1560 1389 
-783 -615 -1246 830 
-1196 -1137 -333 -2 
-893 414 -174 998 
-1147 -1074 -1075 174 
-1957 -1080 -1306 -820 
-214 280 418 988 
-637 1330 -1466 526 
-578 -400 -1615 1719 
-741 1646 -1496 -810 
-1011 1774 -1801 574 
-1558 -1188 -974 977 
1135 1900 -357 554 
1532 1943 -1856 1781 
-1543 -1435 -339 -276 
-226 1267 -1536 -908 
-1684 1199 205 1066 
-94 1024 -1202 1544 
-1154 1187 -1570 -1295 
-1904 -1787 -1887 150 
-1856 746 185 1407 
-1805 -294 -640 272 
52 1716 -1944 1325 
-1379 -135 -596 83 
-1484 -758 -150 1602 
-1127 459 -1393 562 
-1581 177 -1931 1865 
332 1272 -1381 -775 
-844 846 -1101 1822 
-1926 -911 -86 392 
560 1220 -1740 -377 
1243 1441 -1672 -1294 
-1313 -811 -1573 -10 
-1672 1751 -1610 -128 
437 1337 -1849 1709 
-1928 1566 -942 -557 
-1910 884 865 1309 
-1436 278 -376 -61 
113 1832 -1459 1365 
-1388 840 -602 1235 
977 1009 -1526 999 
-523 1621 -1888 -1383 
105 1044 -927 1161 
819 1816 -1343 605 
-490 1803 1231 1539 
-1605 -1369 -1280 1657 
-1837 1732 -649 1500 
-1470 -1096 -318 1417 
-159 341 -1945 1060 
649 1827 -1128 -670 
-234 17 -192 36 
1314 1469 1653 1885 
251 1987 -1852 1856 
-1139 52 -826 800 
1418 1589 1018 1814 
-566 1918 1108 1157 
-1823 1040 -1824 979 
-1341 -1281 -1020 -427 
203 835 1536 1874 
-1655 1042 187 544 
-1554 617 -1612 -1579 
957 1861 205 284 
-657 -342 -5 1621 
-725 1626 -1035 -874 
56 1001 -1458 406 
-1552 -931 39 437 
-1850 1793 720 1640 
290 1359 443 609 
-359 493 -781 -71 
1354 1827 -468 820 
-934 387 -1986 -1112 
-1151 499 -1264 1510 
-29 1205 67 1733 
-1760 934 562 1419 
1235 1730 -955 1448 
-457 201 -786 191 
-1844 450 -858 40 
935 1505 -1358 -876 
-362 1170 226 378 
61 160 487 511 
-1947 -287 1641 1725 
172 1536 -340 -119 
383 953 -877 185 
512 769 -1103 -968 
-1821 1601 -1700 948 
-1195 1806 -1471 1249 
-1788 -505 -508 -60 
-585 -97 -1691 1244 
-1459 730 -1014 1550 
-8 1985 -51 636 
730 1648 1125 1293 
-227 1220 -1667 -1234 
-1156 1418 -50 1907 
-1930 456 -1660 -854 
-1071 -191 -187 529 
559 1875 -541 -104 
-647 1760 -28 757 
-169 1987 572 956 
-1557 -29 -1175 -403 
-1395 584 -874 761 
-965 -901 -1071 1647 
-1099 240 -1638 4 
-399 1406 887 1482 
-1455 -420 -1370 -439 
-864 1813 -755 101 
600 1237 -907 -405 
757 874 -1250 -5 
-138 1124 -1393 -389 
-658 1578 -852 -607 
-1398 -243 -361 929 
-171 987 -34 1368 
1600 1648 -1204 1269 
487 782 1126 1766 
-1222 1596 707 1180 
-933 662 764 829 
-112 1902 -1601 -146 
-1490 428 -1334 950 
-1226 1090 -850 79 
-467 783 -1755 1519 
612 1549 810 1223 
-522 689 -939 239 
-584 900 -341 1768 
1196 1349 1809 1836 
-1349 -8 -1532 1263 
-706 -167 -1888 -581 
-1897 -1418 -4 788 
-973 768 -1837 1335 
-1051 -183 -1599 520 
1439 1785 632 1718 
-644 418 1010 1812 
516 1022 -409 -22 
-566 1139 -1183 1756 
-19 1525 -1451 1080 
113 962 -1920 -1857 
-431 1982 0 1647 
-1804 -1385 -1089 -782 
417 464 -390 214 
-964 778 -1920 1080 
-946 -554 -670 844 
840 1762 -1354 1066 
1134 1656 317 1002 
81 816 -218 749 
-1022 1072 -1356 144 
302 1174 -1154 -17 
168 1663 332 1240 
-735 824 -1135 1681 
500 1678 -1956 475 
1532 1704 624 1548 
-917 -600 -827 155 
-1071 -512 -261 -68 
652 1476 769 1610 
753 1080 -740 1064 
-349 926 -1697 -564 
-926 -326 165 1044 
-1682 -1490 272 1314 
602 735 -571 1638 
254 1450 924 1125 
-1803 104 -1346 735 
812 1844 -1929 1731 
-409 1599 802 1930 
-1526 327 -1437 742 
-157 1142 -685 387 
-813 1093 -1900 1344 
-1678 -1666 -1227 511 
-578 708 -1014 689 
-1882 654 928 1313 
-1548 1517 -772 630 
-1637 1444 654 1201 
881 1111 -1009 -155 
-962 220 -679 1219 
-1986 -1185 -1703 -1682 
-1721 1768 -458 1849 
1483 1774 -1117 -781 
291 577 736 1997 
668 692 -1925 1541 
945 1405 -227 1187 
-1430 1351 618 1935 
-1470 166 -1107 862 
-1480 -789 -1493 1297 
-394 847 -1191 -970 
713 1179 -574 260 
-954 1738 -1053 223 
-224 639 -1109 -192 
-1364 734 -883 1024 
-972 -445 1763 1983 
456 1046 -689 1967 
-1285 353 -626 550 
-1805 316 -1571 -490 
-947 -284 982 1662 
334 1975 468 1021 
-1676 958 -1608 -260 
-789 905 -200 645 
-699 1601 -1295 1278 
-984 1390 777 1768 
-227 538 -141 1534 
-1876 285 -1840 -331 
835 1289 -1268 908 
117 947 -1125 -757 
-627 767 -1953 -296 
-167 674 -657 843 
704 1298 469 1975 
-1743 -1605 106 810 
-92 926 -427 667 
549 644 287 1138 
627 1555 -1893 1595 
-56 782 302 890 
1059 1558 -1983 -569 
1161 1205 723 1250 
-376 1308 -1261 1660 
-1800 669 -1348 24 
-1975 1748 -370 1401 
-1319 590 434 1317 
268 1906 -1804 -1787 
1107 1635 -122 1349 
-217 1798 1306 1776 
-1211 986 -1965 -1018 
-1572 1016 698 1183 
1367 1422 -719 199 
-1220 1465 -993 536 
-1724 -1434 1871 1997 
924 1592 250 538 
-899 110 -1508 1266 
-1548 1931 -1105 803 
-1840 1057 -610 1835 
-1795 873 1268 1328 
-398 1160 802 993 
-950 -362 -8 1962 
-325 645 1237 1867 
-237 1911 557 1390 
-1296 1070 1128 1520 
-1066 1897 71 937 
-614 661 -86 560 
-70 1411 -1314 -866 
-1472 1374 -1870 -302 
-1652 664 -1775 -506 
547 906 -432 -278 
-554 337 -436 917 
-1805 -1183 -317 1394 
-1811 1154 -721 216 
-1385 -1079 -1084 -258 
486 1039 -1308 -810 
-961 691 -1489 1005 
-641 168 -1108 447 
-548 -29 -863 49 
-369 698 -155 989 
-1426 321 -1257 -562 
-853 306 -1577 -226 
-1078 751 -435 1092 
-682 869 -574 1926 
-874 -418 404 1829 
-807 1208 33 1283 
-1410 697 -1704 -158 
-1867 1557 -1135 -513 
-535 1538 -1891 1263 
1411 1769 673 1494 
394 478 -1275 1953 
-1775 -829 -122 1733 
-613 1857 -1531 397 
-731 1366 -775 129 
401 1697 -324 1083 
259 1918 327 991 
-834 -591 1438 1719 
-1965 -1104 -1830 -1011 
-1188 1155 -1968 -1611 
-1709 -449 -223 1648 
-1950 1235 107 1122 
396 652 -298 976 
-1949 -443 115 1384 
-1637 -1272 -1941 -699 
-1563 -162 -1567 -1242 
-1727 -511 371 1337 
-994 1294 -824 1487 
-684 668 -695 830 
1038 1910 -911 488 
-629 707 -675 1533 
273 778 -1764 1393 
942 1397 -572 1990 
-282 1074 -1464 1843 
-1008 37 110 628 
-765 679 -1234 -388 
-1226 549 -1051 1030 
550 1300 -1673 -408 
-106 -65 -1711 1857 
1202 1922 -1086 -761 
-956 1980 384 881 
-1272 -313 749 1925 
-1908 -1493 -16 1491 
-1375 -1283 -235 471 
-1236 -1147 -1538 1051 
950 1613 109 767 
-1786 1699 -1517 -752 
-1732 1493 -1163 1026 
-1612 496 -1344 1514 
-897 -818 -1159 1202 
1241 1607 -1985 -226 
-1356 1636 989 1278 
-708 1159 -312 117 
-1739 644 -547 743 
-1672 201 238 1462 
-887 1967 -1560 1137 
-1951 -1661 -1555 52 
1582 1835 317 1734 
-662 260 1049 1189 
1008 1349 -1385 -708 
467 1473 -1711 -586 
478 1782 1195 1684 
-1608 -1311 1056 1658 
-1696 -1336 373 1308 
152 586 -662 1376 
-82 1453 -956 968 
-617 668 -1582 212 
-440 -270 660 1173 
-1114 1801 588 1978 
441 1638 -1422 641 
449 1929 -1270 1924 
730 1348 -800 1629 
-343 1614 -1168 1970 
-1310 1208 -1992 309 
-1576 -1346 859 1524 
-1848 -363 -1485 245 
-991 -614 -1988 79 
719 1065 -1230 -257 
-1026 -154 1239 1979 
517 908 -408 185 
12 1582 1105 1840 
-547 -19 369 1375 
-1294 -394 -1376 1657 
-599 726 -166 1582 
157 262 -1791 -609 
-646 1918 -1249 744 
-49 1762 -1724 1332 
14 920 -1439 -410 
290 312 -740 1432 
532 1131 287 1611 
59 402 326 1185 
-1851 -1616 1220 1744 
-554 297 -15 1682 
-449 1432 -1909 -1887 
1564 1857 -862 1219 
-1878 1757 -523 736 
-1613 -496 -1127 -483 
-1461 -910 -681 1315 
-1554 -798 -1111 -558 
435 486 1177 1632 
-250 203 -1505 640 
528 1346 -1487 -428 
-504 -93 -923 1384 
-1982 1062 -1896 700 
-1137 -72 335 957 
-1584 -355 -1186 -570 
-981 -912 44 739 
-1053 -424 -575 -386 
-1473 474 -1828 1835 
-1159 494 -575 386 
-97 949 -902 933 
-1478 1211 -326 1045 
179 1156 -1164 1095 
-1166 1467 1020 1919 
-1468 -922 -337 1794 
-150 1628 -1665 12 
-1819 -427 -1968 1827 
656 729 -1227 1725 
-1824 -626 -1488 -683 
874 1478 -1108 -475 
-1948 1903 -1343 1480 
-1526 -985 663 1073 
-887 100 -1838 -1325 
-168 1849 74 208 
14 583 768 1093 
634 1545 -1915 -1271 
-1387 -805 -1202 -1078 
-561 798 -190 1452 
-1607 -125 -1904 -192 
81 842 -737 1049 
-477 1846 -713 582 
-787 -397 -1391 -245 
-1978 599 -1401 1430 
-1776 -89 -202 1759 
-391 1825 -289 970 
-201 1642 -1446 1965 
-803 1183 1024 1289 
-59 1217 92 1669 
338 1145 -9 1389 
236 1302 1280 1962 
-1030 -296 -2000 823 
-1140 498 -1232 1572 
-323 1967 -536 1048 
-1972 1898 -762 -182 
-1957 1277 67 1114 
-1901 -471 -167 1177 
-1294 1693 -1522 1339 
-1932 714 612 1102 
-1986 908 -1165 749 
16 817 1123 1788 
-1001 338 -177 1161 
-295 101 -95 1069 
-1460 628 -1126 -878 
1200 1414 1658 1875 
983 1267 -1462 1116 
188 1283 -1457 -27 
-18 445 -778 1618 
-594 1402 -443 1327 
-1302 -265 790 1637 
266 1277 -1881 763 
-983 1838 -494 667 
1717 1721 -568 1860 
1203 1406 -1860 103 
-1848 1729 -1042 -220 
-757 926 399 1967 
-1478 563 -1708 320 
-1697 282 -494 69 
-717 912 -806 904 
-761 10 -1484 -98 
732 848 65 1759 
-1442 -440 964 1319 
-1022 333 -850 544 
-378 755 -667 1801 
-1034 -729 240 658 
-728 -57 -856 705 
199 1037 -291 -193 
-1750 856 606 1004 
-1760 -1086 -1725 -73 
-1742 932 -272 291 
1107 1747 662 739 
-144 1769 1403 1746 
-1366 1596 -1118 -341 
227 391 -1495 -883 
-903 -436 -968 -899 
-1839 -1737 -1133 1457 
1240 1929 728 987 
-1910 394 162 1461 
-1944 -822 -1729 681 
-499 -469 -822 -367 
-268 631 -210 1667 
558 769 -1626 498 
-1342 1114 -1564 -332 
-1954 936 -224 1337 
-564 1117 740 955 
-1543 -309 -898 747 
-779 664 -753 550 
565 799 -665 674 
-862 -760 -1040 742 
-1144 1433 -698 -376 
-677 1982 885 920 
-989 73 -1221 1784 
-1717 1032 -1994 -1741 
1168 1615 1302 1707 
-1789 -478 -1926 874 
-1168 1693 -1654 949 
1408 1497 -1706 626 
-1482 -1273 -462 67 
-945 -357 -93 1407 
-848 212 -1298 1748 
-1627 591 -428 515 
-180 613 -1992 135 
-1652 1945 -579 -359 
-361 -148 -377 808 
-1600 743 -982 1123 
-1225 871 -424 1561 
-1899 -1194 495 1377 
-1040 539 554 799 
-1902 -1633 -1389 -1375 
1367 1457 -773 -746 
-649 983 -770 555 
-1779 625 -1474 1705 
-1385 -746 204 1614 
-106 1512 -1438 -527 
1544 1891 -286 667 
50 1935 -1843 -1311 
-1419 1623 -1745 470 
-1940 -1579 -775 1890 
1668 1830 -313 1708 
-33 1776 -1254 -411 
496 1717 300 467 
1375 1964 -1894 -236 
-1722 503 1223 1948 
-1642 635 319 1983 
-1107 1047 668 945 
200 1855 -1076 1692 
-501 545 -863 732 
-212 226 533 1191 
-866 1908 -774 377 
471 1183 -1329 1200 
419 1500 287 531 
-1697 -1228 -609 730 
-1537 1366 -695 55 
-940 -597 -1690 55 
-445 280 -957 181 
740 1674 -1552 23 
-774 -683 -880 1102 
860 1012 -1901 -300 
-1817 -1032 362 502 
-1259 1154 -1580 1701 
-1506 -1154 -1133 -398 
1248 1775 -1938 759 
218 1176 -1521 -671 
-1612 1248 1147 1922 
-1964 -47 -900 -788 
-1989 -114 -1285 1713 
-1566 -1043 -847 486 
-1579 -1192 -593 713 
-1110 1673 -1175 1109 
-1837 1938 -1110 -148 
-1310 -902 -935 1496 
-1660 326 420 1014 
-801 140 -1216 1690 
-544 -139 -759 517 
-1028 1362 -272 -24 
-1486 -683 -1489 -845 
-1281 874 -6 353 
-1852 101 354 1082 
-1416 1467 -1235 1371 
-561 409 601 1555 
-1306 76 -868 987 
-1810 -1021 -1209 -363 
889 1210 -434 1472 
-1236 129 -673 1341 
-1783 106 -1490 367 
-1966 1302 -1087 -44 
-1744 1414 -1467 322 
-1930 -114 -1514 -611 
-942 1753 426 1548 
287 1125 -1432 -773 
-1642 -1346 -1651 1384 
-1333 -439 -1094 1141 
-226 974 -390 1254 
-1864 -448 -636 875 
1483 1760 -1004 -801 
-867 1644 214 574 
-949 506 -810 -262 
-175 1805 -453 603 
-1518 1919 767 1020 
477 1507 -1395 -393 
-439 1002 -552 -79 
-1569 726 -649 -108 
-1683 -1603 -699 -641 
232 1662 147 1379 
-1562 723 -1871 381 
-1097 1317 -1507 -13 
-1616 -1041 -616 -109 
-761 1482 183 1987 
279 1950 -48 906 
-1758 -1038 1462 1557 
-498 928 -1755 1032 
-1328 -699 -1064 -883 
-791 -290 -1121 -367 
112 506 -1488 1113 
-1736 -355 -1051 1089 
-1705 1452 -1521 1210 
-149 1061 -1610 -741 
37 628 -1025 216 
-1453 -499 127 183 
-1830 1909 -910 1774 
-1212 -542 -1538 -368 
-1778 -1713 -1034 1166 
-1282 -156 1265 1559 
245 1079 831 1132 
-1231 219 972 1582 
-1694 1811 -1295 -933 
762 1798 -372 1037 
-385 -46 660 743 
-689 1686 1368 1953 
-1878 -1364 -770 492 
433 1711 -163 1146 
-1952 613 537 1166 
-986 556 -1410 1807 
-1739 -1627 -951 154 
-1007 315 828 1974 
-1019 1451 -1941 -1234 
1769 1848 -859 580 
-1072 1363 138 501 
