2000
10000
0 -0.1
1 3
5 15.05
10 29.91
11 32.99
12 36.05
16 48.06
17 50.91
21 62.93
23 69.08
26 77.99
30 89.96
32 96.08
34 101.91
35 105
36 108.02
39 117.01
41 123.02
46 138.02
50 150.04
51 153.03
54 162.01
59 176.94
62 185.9
63 188.93
64 192.03
71 212.93
72 216
76 228
78 233.91
81 243.09
84 251.91
85 255.05
89 266.98
90 269.98
91 273.07
95 285.04
99 296.94
101 303.09
104 312.06
105 315.06
108 324.06
110 329.9
112 336.03
115 344.95
116 348.09
118 353.98
119 357.06
121 362.98
122 365.92
123 368.92
125 374.99
130 390.01
143 429.01
148 444.02
150 449.92
151 452.99
156 468.09
158 473.92
160 480.03
161 483
169 506.91
172 515.9
176 527.94
177 531.01
179 537.03
181 543.1
183 548.95
185 555.04
186 558.05
187 561.04
190 570.03
193 579.04
195 584.98
200 600.1
201 602.94
202 606.04
203 608.95
204 611.93
207 620.96
213 639.08
214 642.09
216 647.99
217 650.9
218 653.92
219 656.9
222 665.96
223 669
228 684.07
231 693.1
237 710.95
239 717.06
240 720.07
243 729.02
244 731.99
245 734.99
249 747.03
256 767.95
259 777.04
260 780.07
267 801.07
268 803.93
269 806.99
272 815.95
273 818.95
274 822.04
276 828.1
277 830.98
284 851.91
287 861.04
291 873.03
293 879.02
296 887.92
297 890.93
299 897.06
300 899.9
302 906.09
303 909.04
307 921.04
308 923.95
315 945.08
317 951.01
319 957.05
322 965.93
323 969.06
326 978.06
327 980.96
329 987
330 990.09
332 995.92
333 999.08
335 1005.04
337 1010.9
339 1016.97
343 1029.09
345 1035.06
358 1074.02
359 1076.99
360 1079.99
362 1086.02
366 1098.07
368 1103.95
373 1118.99
374 1121.92
381 1143.02
383 1149.07
388 1164.09
390 1170.03
391 1173.02
395 1185
396 1188.1
401 1203.07
402 1205.92
408 1224.09
409 1226.93
415 1244.99
416 1248.01
418 1254.09
419 1256.94
424 1272.1
427 1281
428 1283.91
429 1287
430 1290.07
432 1295.93
433 1298.99
435 1305.02
437 1311.06
441 1323.07
442 1326.04
444 1331.94
445 1334.94
446 1338.02
449 1347.07
450 1349.91
451 1352.98
452 1356.02
453 1359.1
454 1362.01
455 1364.96
459 1377.02
460 1380.08
462 1385.91
463 1389.01
464 1392.01
465 1394.91
468 1404.09
471 1412.93
475 1425.07
478 1433.98
479 1437.09
483 1449
487 1460.97
488 1463.91
491 1473.07
495 1485.01
496 1488.07
498 1493.9
502 1505.97
503 1509.05
504 1512.08
522 1566.04
526 1578
534 1602.08
537 1610.96
538 1614.01
542 1625.99
546 1637.93
548 1643.92
550 1649.96
552 1655.9
555 1664.9
556 1667.99
557 1671
558 1673.93
561 1682.91
566 1698.06
568 1703.91
576 1728.1
578 1734.06
580 1739.95
581 1742.9
583 1748.99
588 1763.93
589 1766.94
596 1788.02
597 1791.06
598 1793.98
599 1797.01
601 1802.92
603 1808.98
604 1812.09
609 1827.04
611 1832.99
613 1839.05
615 1844.92
625 1875.06
626 1877.92
631 1892.93
632 1896.03
640 1920.09
646 1938.05
647 1940.99
648 1943.93
650 1949.97
651 1952.91
655 1964.95
657 1970.93
673 2018.93
674 2021.99
676 2028.03
677 2030.91
678 2034.09
679 2037.06
683 2049.06
685 2055.03
690 2069.97
692 2076.05
694 2082.08
697 2090.91
698 2093.91
700 2099.95
702 2106.08
703 2108.9
706 2118.1
709 2126.97
710 2129.98
711 2133
712 2135.94
713 2138.96
714 2142.01
715 2144.97
716 2148.07
719 2157.05
720 2159.96
721 2163.04
722 2165.95
728 2183.95
729 2187.07
731 2193.05
733 2199.06
735 2205
737 2210.98
739 2217.05
741 2222.9
746 2238.05
747 2241.04
748 2244.05
750 2249.93
754 2262.08
755 2264.94
756 2267.93
758 2274.02
761 2283.08
762 2286.05
763 2288.99
766 2298.05
768 2303.93
770 2309.9
772 2316.06
778 2333.93
779 2336.91
781 2342.95
784 2351.92
785 2354.96
788 2364.03
789 2366.95
790 2369.93
791 2372.96
792 2375.9
793 2379.03
795 2385.06
797 2391.03
800 2399.94
802 2406.06
804 2411.93
808 2424.01
811 2432.96
815 2445
818 2454.1
826 2478.08
834 2502.06
838 2514.09
841 2523.08
844 2532.09
845 2535.09
846 2538
849 2546.9
854 2562.05
859 2576.92
860 2579.91
861 2583.02
864 2592.04
865 2595.03
867 2601.01
869 2606.91
870 2610.1
871 2613.09
872 2616.05
877 2630.99
880 2639.99
882 2645.9
887 2660.91
893 2678.96
896 2687.99
901 2703.09
905 2715.01
913 2738.99
917 2751.03
918 2753.9
924 2772.04
925 2775.03
926 2777.92
927 2780.95
934 2802
935 2805.07
936 2807.95
937 2810.9
939 2816.97
941 2823
951 2853.04
953 2859.03
955 2865
956 2867.96
957 2871.08
958 2873.91
959 2877
960 2880.01
961 2882.96
964 2892.03
969 2906.94
970 2909.96
971 2913.08
976 2927.96
979 2937.06
988 2964.06
989 2966.99
990 2970
991 2973.01
1002 3006.05
1006 3017.98
1008 3023.99
1009 3027
1011 3032.9
1013 3039.1
1014 3042.06
1015 3045.05
1016 3047.93
1017 3050.98
1024 3072.02
1026 3077.97
1029 3087.05
1032 3095.9
1035 3104.94
1037 3110.98
1038 3113.93
1043 3129.02
1046 3138.03
1051 3152.94
1052 3155.99
1057 3171.06
1060 3179.95
1061 3183
1062 3186
1067 3201.07
1072 3216.02
1074 3221.9
1075 3224.95
1078 3233.98
1079 3237.06
1082 3245.92
1087 3261.09
1088 3264
1089 3267.04
1092 3275.96
1099 3297.1
1101 3302.92
1106 3317.99
1107 3320.98
1112 3335.93
1113 3339.02
1115 3345.1
1118 3353.96
1119 3357.01
1120 3360.03
1123 3369.04
1125 3375.07
1128 3383.94
1129 3387.09
1132 3395.91
1133 3398.92
1138 3413.97
1139 3417.06
1143 3428.97
1151 3453.02
1154 3462.09
1157 3471.07
1159 3477.1
1162 3486.04
1163 3488.96
1164 3491.95
1167 3501.09
1168 3504.1
1169 3507.06
1172 3515.91
1177 3531.1
1179 3537.05
1180 3539.96
1187 3561.01
1189 3567.1
1199 3596.97
1202 3606.03
1204 3612
1207 3621.04
1209 3627.09
1210 3629.93
1212 3635.94
1216 3648.06
1223 3669.03
1224 3672.1
1226 3678.03
1227 3681.03
1231 3692.97
1234 3701.92
1235 3705.08
1239 3717.07
1242 3726.09
1251 3753.01
1252 3755.99
1256 3768.05
1262 3786.02
1265 3795.07
1272 3816.1
1278 3834.07
1282 3846.05
1283 3849.09
1289 3866.93
1290 3870.08
1291 3873.01
1294 3881.99
1298 3894.1
1299 3896.99
1307 3920.98
1308 3923.98
1310 3929.94
1313 3939.02
1316 3948.05
1318 3953.95
1320 3960.08
1321 3962.91
1322 3965.95
1326 3977.95
1328 3984.05
1333 3999.06
1339 4016.96
1342 4026
1347 4040.93
1348 4043.92
1349 4047
1351 4053.03
1361 4083.03
1368 4103.97
1370 4109.9
1371 4113.03
1372 4116.08
1375 4125.01
1376 4128.03
1380 4140.03
1382 4146.06
1384 4152.04
1387 4161
1390 4170.04
1393 4178.93
1394 4181.9
1396 4188.04
1400 4200.1
1401 4202.93
1405 4214.92
1407 4221.1
1410 4230.06
1412 4236.04
1415 4245
1421 4262.97
1422 4265.93
1425 4275
1430 4290.07
1431 4292.98
1434 4302.02
1438 4314.06
1439 4316.92
1440 4320.06
1441 4323.1
1448 4343.92
1449 4347.1
1451 4353.02
1454 4361.94
1455 4364.94
1462 4386.03
1465 4395.05
1468 4404.07
1471 4413.08
1472 4415.98
1473 4418.94
1475 4424.99
1476 4428.03
1480 4440.07
1481 4442.97
1485 4454.97
1486 4458.06
1488 4464.06
1489 4467.05
1491 4473.07
1493 4479.06
1494 4481.94
1497 4490.91
1502 4505.96
1507 4521.01
1509 4527.1
1510 4529.91
1512 4536
1513 4538.9
1515 4544.99
1519 4556.93
1520 4560.02
1522 4565.98
1523 4568.96
1527 4581.09
1530 4589.95
1532 4596.1
1536 4607.97
1539 4617.01
1543 4628.96
1550 4650.1
1552 4656.01
1554 4662.02
1556 4668.04
1558 4674
1560 4679.91
1562 4686.08
1564 4691.96
1566 4698.02
1569 4707.02
1571 4713.03
1574 4721.91
1578 4734.06
1583 4749.09
1587 4760.97
1588 4763.9
1589 4766.9
1591 4773.08
1594 4781.98
1598 4794.1
1600 4799.96
1605 4814.99
1606 4818.08
1607 4820.97
1611 4833.05
1615 4844.95
1616 4847.91
1617 4850.99
1618 4854.08
1619 4857.06
1625 4875.06
1627 4881.06
1631 4893.04
1633 4898.97
1634 4901.92
1638 4913.99
1639 4916.96
1640 4920.07
1644 4931.9
1651 4952.99
1654 4961.96
1655 4965.03
1656 4968.03
1657 4970.98
1661 4983.03
1663 4989.1
1664 4991.98
1669 5006.99
1674 5022.08
1675 5025.01
1676 5028
1677 5030.92
1678 5034.02
1682 5045.92
1685 5054.93
1687 5060.92
1695 5084.99
1701 5103.07
1702 5106.05
1704 5112.09
1707 5120.94
1709 5126.96
1714 5141.96
1715 5144.98
1716 5147.96
1718 5154.04
1719 5156.97
1721 5163.08
1725 5175
1726 5177.99
1727 5181.04
1728 5184.05
1732 5196.02
1733 5198.98
1734 5202
1736 5207.97
1739 5217.09
1742 5226.03
1744 5231.92
1745 5234.98
1746 5238.09
1750 5249.98
1751 5253.07
1755 5264.96
1756 5267.91
1758 5273.94
1759 5276.94
1761 5282.92
1767 5300.92
1768 5304.1
1769 5307
1770 5310.07
1771 5313
1774 5322
1784 7138.03
1788 7153.9
1794 7178.04
1796 7185.93
1797 7189.99
1798 7194.05
1799 7198.07
1801 7205.92
1804 7217.9
1806 7225.9
1807 7230.04
1808 7233.9
1809 7238.08
1810 7242.02
1812 7249.93
1813 7253.99
1814 7258.01
1815 7262.02
1816 7265.96
1819 7278.09
1820 7282.04
1822 7290.02
1824 7297.94
1825 7302.02
1826 7305.97
1827 7310.1
1830 7322.05
1833 7333.95
1835 7341.93
1836 7346
1838 7353.94
1840 7361.96
1842 7370.08
1848 7393.97
1849 7398.02
1850 7401.93
1851 7405.93
1853 7414.04
1854 7418.04
1856 7425.91
1859 7437.94
1862 7449.98
1863 7454.09
1866 7465.98
1867 7470.03
1873 7493.97
1874 7497.92
1876 7506.1
1878 7514.09
1879 7517.99
1881 7525.94
1884 7537.98
1885 7541.95
1891 7566.06
1892 7570.08
1896 7585.92
1900 7601.95
1901 7605.93
1905 7622.08
1909 7637.91
1910 7642.05
1916 7665.99
1920 7682.07
1929 7717.9
1930 7721.93
1937 7750.06
1938 7754.04
1939 7758.07
1943 7773.99
1945 7782.05
1946 7785.94
1948 7793.95
1952 7809.94
1958 7833.92
1961 7845.96
1964 7857.99
1965 7862.07
1967 7870.01
1973 7894.01
1977 7910.06
1983 7933.91
1984 7938.09
1986 7945.99
1987 7950.09
1990 7962.1
1992 7969.96
1997 7989.92
1999 7998.04
2000 8002.01
2004 8018.03
2005 8021.93
2009 8038.02
2014 8057.96
2015 8062.1
2016 8065.99
2020 8081.93
2021 8086.04
2022 8090.1
2024 8098.04
2025 8102.01
2028 8114.05
2029 8117.91
2032 8130.01
2033 8134.05
2035 8141.97
2036 8146
2039 8158.02
2041 8166.05
2045 8181.91
2048 8194.04
2049 8197.9
2050 8201.93
2051 8205.93
2052 8210.05
2059 8238.03
2061 8246.04
2068 8274.09
2071 8286.04
2073 8294
2083 8333.96
2084 8337.95
2087 8350.09
2089 8357.94
2090 8361.99
2092 8369.96
2094 8378.03
2095 8381.96
2096 8385.98
2097 8390.04
2109 8438.05
2110 8442.05
2114 8458.06
2115 8461.96
2116 8465.93
2123 8494.04
2124 8498.04
2133 8534.06
2134 8538.09
2135 8541.96
2139 8558.1
2142 8570.07
2147 8589.91
2149 8598
2150 8602.06
2151 8606.05
2159 8638.03
2160 8642.09
2163 8653.94
2166 8665.91
2167 8669.92
2168 8674.08
2169 8678
2171 8686
2174 8697.99
2175 8702
2176 8706.09
2177 8709.99
2178 8713.92
2179 8718.01
2185 8741.93
2186 8745.98
2188 8754
2189 8757.95
2192 8770
2196 8785.97
2199 8797.91
2202 8810.05
2203 8814.1
2206 8825.9
2209 8838.08
2211 8846
2215 8861.94
2216 8865.91
2217 8870.01
2218 8874
2220 8881.99
2223 8893.97
2225 8902.09
2231 8926.09
2232 8929.91
2233 8934.06
2234 8938.08
2240 8961.98
2252 9009.99
2253 9014.08
2254 9017.98
2255 9021.9
2256 9026
2259 9038.06
2262 9049.92
2265 9062.04
2269 9078.02
2270 9081.9
2272 9090.05
2274 9098.09
2276 9106.05
2277 9109.99
2278 9114.03
2281 9126.09
2282 9129.95
2284 9138.02
2286 9146.04
2288 9154.01
2290 9161.96
2291 9165.93
2292 9169.95
2293 9173.96
2294 9178.07
2296 9185.9
2300 9201.9
2303 9213.96
2304 9217.93
2309 9238.05
2311 9246.09
2313 9253.97
2314 9258.01
2315 9261.98
2318 9274
2320 9281.97
2322 9290.02
2324 9297.97
2327 9309.98
2329 9318.05
2337 9350.05
2340 9362.08
2345 9381.99
2347 9389.97
2349 9397.91
2351 9406.01
2352 9410.03
2355 9422.03
2356 9425.95
2360 9441.98
2362 9449.94
2368 9473.95
2370 9482.04
2371 9486.05
2373 9494.09
2376 9505.91
2377 9510.09
2379 9518
2380 9521.91
2381 9525.91
2385 9541.96
2386 9545.94
2391 9566.01
2392 9570
2394 9578.09
2395 9581.94
2396 9586.08
2398 9593.91
2400 9601.91
2403 9614.03
2404 9617.97
2406 9626.04
2408 9633.95
2409 9637.91
2410 9641.97
2412 9650.02
2413 9654.1
2414 9658.1
2418 9674.08
2419 9677.93
2420 9681.92
2421 9685.98
2422 9690.02
2425 9701.94
2430 9721.98
2432 9729.99
2433 9734.09
2434 9737.95
2435 9741.95
2437 9749.93
2439 9757.94
2441 9766.01
2447 9790.08
2450 9802.04
2457 9829.93
2467 9870.07
2468 9874.07
2469 9877.92
2472 9890
2475 9902
2479 9918.04
2481 9926.09
2484 9938.07
2486 9946.04
2489 9958.1
2492 9969.95
2493 9974.08
2495 9982.03
2496 9986.04
2498 9993.99
2501 10006
2504 10017.9
2505 10022
2510 10042
2517 10070
2518 10074
2521 10086
2522 10090.1
2523 10094.1
2524 10098.1
2526 10106.1
2528 10114
2532 10130.1
2533 10134
2538 10154
2539 10157.9
2543 10174
2546 10185.9
2547 10190
2548 10193.9
2549 10198.1
2550 10202
2551 10206
2556 10226.1
2558 10234
2561 10245.9
2565 10262
2566 10266.1
2567 10270
2568 10274
2574 10298
2575 10302.1
2576 10305.9
2577 10310
2580 10322
2582 10329.9
2584 10338.1
2587 10349.9
2589 10358
2590 10362
2591 10366.1
2593 10373.9
2598 10394
2599 10398
2601 10406
2602 10410
2606 10426
2607 10430.1
2608 10434
2609 10438
2612 10450
2613 10454
2614 10458
2616 10466.1
2621 10486
2622 10490
2623 10494
2624 10498
2625 10502
2631 10526.1
2632 10530
2633 10533.9
2637 10550
2639 10557.9
2641 10566
2643 10573.9
2644 10577.9
2645 10582
2648 10594
2654 10618
2657 10630
2666 10666
2669 10678
2670 10682
2671 10686
2674 10698.1
2675 10702.1
2677 10709.9
2679 10718
2681 10726
2682 10730
2685 10742
2686 10745.9
2687 10750
2689 10758
2693 10774
2695 10782
2697 10790
2698 10794
2699 10798.1
2701 10806.1
2703 10813.9
2704 10818.1
2705 10822
2720 10881.9
2721 10885.9
2726 10906.1
2727 10910
2728 10913.9
2729 10917.9
2730 10922
2732 10930.1
2733 10934
2735 10941.9
2736 10946
2737 10950.1
2738 10953.9
2740 10962
2741 10966.1
2742 10970
2744 10978.1
2747 10989.9
2750 11002.1
2751 11006
2752 11010
2754 11017.9
2760 11042
2766 11066
2767 11070
2768 11074
2770 11082.1
2776 11106
2777 11110
2779 11118.1
2780 11122
2789 11158
2791 11166
2795 11182
2796 11185.9
2799 11197.9
2800 11202.1
2801 11205.9
2802 11210
2807 11230.1
2811 11246.1
2812 11250
2813 11253.9
2817 11269.9
2819 11278
2821 11286
2823 11294
2824 11298.1
2825 11301.9
2827 11310.1
2828 11313.9
2831 11325.9
2835 11341.9
2836 11346
2838 11354.1
2840 11362
2841 11366.1
2843 11373.9
2848 11394.1
2850 11402
2854 11417.9
2858 11434.1
2862 11449.9
2866 11465.9
2867 11469.9
2873 11494.1
2875 11502.1
2876 11506
2877 11510
2878 11513.9
2880 11522
2881 11526
2882 11530
2883 11534
2884 11538
2888 11554.1
2889 11557.9
2896 11585.9
2905 11622.1
2908 11633.9
2911 11645.9
2912 11650.1
2913 11654.1
2915 11661.9
2920 11682.1
2923 11694
2924 11698
2928 11713.9
2929 11718.1
2933 11734
2934 11738.1
2939 11758.1
2942 11769.9
2944 11778
2947 11790
2948 11794
2954 11818
2958 11833.9
2960 11841.9
2961 11846
2964 11857.9
2965 11862
2967 11870
2968 11874
2976 11905.9
2978 11914
2980 11922.1
2981 11925.9
2982 11930.1
2983 11933.9
2985 11941.9
2987 11949.9
2989 11958
2995 11981.9
3003 12014.1
3005 12022
3010 12042.1
3012 12050.1
3013 12054
3014 12057.9
3015 12062.1
3021 12085.9
3022 12090
3027 12109.9
3030 12122.1
3032 12130
3033 12133.9
3041 12166
3042 12169.9
3044 12177.9
3046 12186.1
3054 12217.9
3060 12242.1
3061 12245.9
3063 12254
3069 12278
3073 12294.1
3074 12298
3075 12302
3077 12309.9
3078 12313.9
3079 12318.1
3081 12325.9
3084 12338
3086 12346
3088 12354
3090 12361.9
3092 12370.1
3094 12378
3095 12382
3097 12390
3099 12398
3100 12401.9
3101 12405.9
3103 12414
3105 12422.1
3106 12425.9
3112 12450
3113 12454
3115 12462.1
3116 12466
3119 12477.9
3122 12489.9
3124 12498
3125 12502
3126 12506
3127 12509.9
3128 12513.9
3132 12530.1
3133 12534
3134 12538
3136 12546.1
3137 12550
3141 12565.9
3142 12570
3147 12590
3149 12598.1
3152 12610
3156 12626
3157 12629.9
3158 12634
3163 12654
3165 12661.9
3169 12678
3170 12682.1
3171 12686
3172 12690
3175 12701.9
3176 12705.9
3177 12710
3178 12714
3179 12718
3180 12722.1
3183 12734
3185 12742
3190 12762
3197 12790
3200 12802.1
3203 12814.1
3207 12830
3210 12842
3211 12846
3213 12854
3215 12862
3217 12869.9
3218 12874
3228 12913.9
3232 12929.9
3233 12934
3234 12938
3236 12945.9
3238 12954
3243 12974
3244 12978
3245 12982.1
3246 12986
3247 12990.1
3249 12998
3251 13006
3256 13026
3257 13029.9
3261 13045.9
3262 13050.1
3265 13062
3269 13078.1
3271 13086.1
3277 13110.1
3281 13126.1
3283 13134
3284 13137.9
3288 13154
3291 13166
3292 13169.9
3293 13174
3295 13182.1
3297 13190
3298 13194
3299 13198.1
3301 13206
3303 13213.9
3304 13217.9
3306 13226
3309 13238.1
3310 13242
3311 13246
3312 13249.9
3314 13257.9
3320 13282.1
3321 13286.1
3322 13289.9
3328 13314
3330 13322
3335 13342
3336 13346
3337 13349.9
3341 13366
3342 13370
3343 13374
3346 13386
3347 13390
3349 13398
3351 13406
3353 13414
3355 13422.1
3357 13430
3358 13434
3360 13442.1
3363 13454
3364 13458.1
3367 13469.9
3369 13478.1
3371 13486
3375 13501.9
3376 13506
3377 13510
3379 13518
3381 13525.9
3382 13530.1
3383 13533.9
3385 27098.9
3386 27106.9
3391 27147
3393 27163
3401 27226.9
3402 27234.9
3403 27243
3405 27259.1
3406 27267
3407 27275
3410 27299
3411 27307
3415 27339.1
3417 27355.1
3419 27371
3420 27379
3421 27387.1
3428 27443.1
3429 27451.1
3431 27467
3435 27499.1
3438 27522.9
3439 27530.9
3442 27555
3443 27563.1
3445 27579.1
3446 27587
3448 27603
3451 27627
3452 27634.9
3456 27666.9
3458 27682.9
3461 27707
3463 27723
3465 27739
3472 27795.1
3473 27803
3474 27810.9
3476 27827
3477 27835.1
3479 27851
3480 27859
3481 27867.1
3486 27907
3490 27939
3491 27946.9
3495 27978.9
3498 28003.1
3500 28019
3501 28027.1
3508 28083.1
3509 28091.1
3513 28122.9
3514 28131
3515 28139
3516 28147
3517 28155
3518 28163
3523 28202.9
3525 28219.1
3530 28259
3538 28322.9
3540 28339
3541 28347.1
3543 28362.9
3544 28371
3546 28387
3548 28402.9
3550 28418.9
3551 28427
3552 28435
3553 28442.9
3554 28451
3556 28467.1
3559 28490.9
3561 28507
3562 28515
3564 28531
3565 28539.1
3566 28547
3568 28563
3570 28579
3572 28595.1
3574 28610.9
3576 28627.1
3578 28643
3580 28659
3582 28674.9
3584 28691
3587 28715
3590 28739
3592 28755
3593 28763
3596 28787.1
3599 28810.9
3602 28835
3605 28859.1
3607 28875.1
3609 28891
3610 28899
3611 28907
3616 28947
3617 28955
3618 28962.9
3621 28987
3624 29011
3626 29027
3628 29042.9
3631 29066.9
3634 29090.9
3635 29099
3639 29131
3640 29138.9
3642 29155
3643 29163
3644 29171
3645 29179
3646 29187.1
3647 29194.9
3650 29218.9
3651 29227
3652 29234.9
3659 29291
3660 29299
3661 29307.1
3662 29315
3663 29323
3664 29331
3676 29427.1
3677 29435
3679 29451
3680 29459
3682 29474.9
3685 29499
3686 29507
3687 29515
3688 29523
3690 29538.9
3691 29546.9
3692 29555.1
3695 29579
3696 29587
3697 29595
3699 29611
3703 29643
3705 29658.9
3709 29690.9
3710 29699
3713 29723.1
3714 29731
3715 29739
3716 29747
3719 29771.1
3721 29786.9
3724 29810.9
3727 29835.1
3728 29843
3731 29867.1
3732 29875
3734 29890.9
3735 29899
3739 29931
3741 29946.9
3743 29963
3744 29971
3748 30003.1
3749 30011
3750 30018.9
3751 30027.1
3753 30043
3754 30050.9
3756 30067
3758 30083.1
3759 30091
3762 30115.1
3763 30122.9
3764 30131
3769 30171
3770 30179
3771 30186.9
3780 30258.9
3781 30267
3787 30315
3789 30331.1
3790 30339
3791 30347
3794 30371
3795 30378.9
3796 30387
3801 30427
3805 30458.9
3808 30483.1
3809 30491
3813 30523.1
3816 30546.9
3818 30563
3820 30578.9
3822 30595.1
3823 30603
3827 30635
3833 30683.1
3836 30707.1
3838 30723
3843 30763.1
3844 30771.1
3846 30787
3849 30811.1
3853 30842.9
3854 30851
3856 30867
3858 30883
3860 30899
3861 30907.1
3863 30923.1
3864 30931
3865 30939
3870 30978.9
3871 30987
3872 30995
3873 31003.1
3875 31019
3877 31035.1
3879 31050.9
3880 31059.1
3884 31090.9
3885 31099
3886 31106.9
3891 31147
3892 31155
3895 31179
3896 31187.1
3898 31202.9
3905 31259
3906 31267
3909 31291
3910 31299.1
3916 31347
3917 31355
3919 31371
3920 31379
3922 31395
3924 31411
3926 31426.9
3929 31451
3932 31474.9
3933 31483
3936 31507.1
3938 31522.9
3939 31530.9
3940 31538.9
3949 31611
3950 31619
3953 31643
3956 31666.9
3960 31699
3968 31763
3973 31803
3978 31843
3984 31891
3985 31899
3986 31907
3987 31915
3990 31938.9
3991 31947
3993 31963
3994 31971
4000 32019
4003 32043
4005 32059
4008 32082.9
4010 32098.9
4012 32115
4015 32138.9
4016 32147.1
4017 32155
4018 32163.1
4019 32171
4023 32203
4027 32235
4031 32267
4035 32299
4041 32347
4042 32355
4045 32379
4046 32387
4050 32419
4054 32451
4055 32458.9
4057 32475
4061 32506.9
4062 32515
4064 32531
4066 32547
4070 32578.9
4071 32587.1
4074 32611
4075 32619
4077 32635.1
4080 32659
4082 32674.9
4083 32683.1
4084 32691.1
4086 32707.1
4089 32731.1
4091 32747.1
4095 32779.1
4097 32794.9
4099 32811
4100 32819
4105 32858.9
4107 32875
4110 32898.9
4111 32907
4113 32923
4114 32931
4115 32938.9
4116 32946.9
4117 32955.1
4120 32979.1
4121 32987.1
4123 33003
4125 33019
4126 33027
4127 33034.9
4132 33074.9
4135 33099
4138 33123
4144 33171.1
4145 33179.1
4149 33211
4151 33227
4155 33258.9
4156 33267.1
4158 33283
4159 33291.1
4160 33299.1
4164 33331
4167 33355.1
4170 33379
4171 33387.1
4183 33483
4187 33514.9
4188 33523
4189 33530.9
4190 33539
4191 33547
4193 33563.1
4195 33578.9
4197 33595
4198 33603
4199 33611
4202 33635
4206 33667.1
4207 33675.1
4212 33715
4214 33731
4215 33739.1
4216 33747
4217 33755
4220 33778.9
4222 33794.9
4224 33810.9
4227 33835.1
4229 33851
4230 33859.1
4231 33866.9
4234 33890.9
4236 33906.9
4240 33939
4242 33954.9
4246 33987.1
4248 34003
4249 34011.1
4252 34035.1
4253 34042.9
4256 34066.9
4257 34075
4258 34083
4264 34131
4269 34170.9
4270 34178.9
4271 34187.1
4273 34203
4278 34242.9
4279 34251
4280 34259
4283 34282.9
4294 34370.9
4295 34379
4297 34395
4299 34411
4301 34427.1
4302 34434.9
4304 34450.9
4306 34467
4307 34475.1
4313 34523
4317 34555.1
4318 34563
4319 34571
4322 34595
4323 34602.9
4324 34610.9
4325 34618.9
4327 34635.1
4328 34643.1
4331 34666.9
4332 34675.1
4334 34691.1
4337 34715
4338 34723
4339 34731
4340 34739.1
4341 34747
4345 34779
4346 34787.1
4349 34811
4351 34827.1
4352 34835
4354 34851.1
4356 34867
4357 34875.1
4364 34931
4372 34995
4373 35003.1
4377 35035.1
4386 35106.9
4393 35163
4398 35203
4404 35250.9
4405 35259
4406 35266.9
4408 35283
4410 35299.1
4413 35323.1
4414 35331.1
4416 35346.9
4423 35403
4424 35411.1
4426 35427
4427 35434.9
4429 35451.1
4430 35459
4431 35467
4433 35482.9
4437 35515
4438 35522.9
4443 35563.1
4444 35571.1
4445 35579.1
4448 35603.1
4451 35626.9
4453 35643
4455 35659
4456 35667
4459 35691
4460 35699
4464 35731.1
4470 35779
4473 35803.1
4474 35811.1
4475 35818.9
4477 35834.9
4479 35851
4485 35899
4486 35907.1
4489 35930.9
4490 35939
4497 35994.9
4500 36019.1
4501 36027
4502 36034.9
4504 36051.1
4505 36059
4508 36083
4509 36090.9
4511 36107
4512 36115
4513 36123.1
4515 36139.1
4518 36163
4520 36178.9
4522 36195
4526 36227
4527 36235
4528 36242.9
4530 36259.1
4532 36274.9
4534 36291.1
4536 36307
4537 36315.1
4538 36322.9
4539 36331.1
4544 36371.1
4545 36378.9
4547 36394.9
4548 36402.9
4549 36410.9
4551 36426.9
4553 36443.1
4560 36499
4565 36539
4566 36547
4567 36555
4569 36571
4570 36579
4576 36627
4579 36651.1
4580 36659.1
4582 36674.9
4585 36699
4589 36731
4591 36746.9
4598 36803
4599 36811
4603 36843
4606 36867
4609 36891
4610 36899.1
4611 36907.1
4613 36923
4614 36930.9
4621 36987.1
4624 37010.9
4625 37019.1
4628 37043
4630 37059
4631 37067
4633 37083.1
4636 37106.9
4638 37123.1
4644 37171
4645 37179
4646 37187.1
4648 37203
4651 37226.9
4652 37235.1
4659 37290.9
4660 37299
4661 37307
4663 37323.1
4666 37346.9
4667 37355
4668 37363
4669 37371
4670 37379
4671 37387.1
4676 37426.9
4677 37435
4679 37451
4682 37474.9
4684 37491.1
4694 37571
4695 37579
4696 37586.9
4699 37611
4700 37618.9
4702 37634.9
4710 37699
4711 37707
4712 37714.9
4713 37722.9
4715 37738.9
4721 37787
4722 37794.9
4726 37827.1
4730 37859.1
4732 37875
4733 37882.9
4735 37898.9
4737 37915.1
4738 37923
4740 37939
4741 37946.9
4744 37971.1
4745 37978.9
4749 38011.1
4750 38019
4754 38051.1
4756 38067.1
4757 38075.1
4758 38083.1
4760 38099
4762 38115
4764 38130.9
4770 38178.9
4772 38195
4776 38227.1
4780 38258.9
4782 38274.9
4785 38299
4786 38306.9
4788 38323.1
4790 38339
4797 38395.1
4798 38403
4799 38411
4800 38419
4801 38427
4804 38451.1
4813 38523
4814 38531
4819 38571
4820 38578.9
4829 38651
4830 38659.1
4841 38747.1
4842 38755.1
4843 38762.9
4847 38795
4850 38819
4851 38827.1
4852 38834.9
4853 38843
4859 38891
4860 38898.9
4862 38915
4864 38930.9
4871 38987
4873 39003.1
4874 39011
4875 39019
4878 39043.1
4879 39050.9
4883 39083.1
4884 39091.1
4885 39099.1
4891 39146.9
4897 39195.1
4901 39227
4906 39267
4908 39283
4911 39307.1
4912 39315
4914 39330.9
4916 39346.9
4917 39354.9
4918 39363.1
4921 39386.9
4923 39402.9
4925 39419
4926 39427.1
4927 39435.1
4928 39443.1
4929 39451
4933 39483.1
4934 39491
4935 39498.9
4936 39507.1
4942 39555
4943 39563
4947 39594.9
4953 39643
4957 39675.1
4958 39683.1
4959 39690.9
4961 39707
4965 39738.9
4967 39754.9
4972 39795
4975 39819
4976 39826.9
4979 39851.1
4980 39859
4988 39922.9
4989 39931
4993 39963.1
4998 40003
