100
117 177 -92 -23 
74 93 -165 -101 
-172 68 -197 -117 
-167 141 34 40 
6 78 -92 -74 
44 58 -82 2 
11 107 -25 198 
-47 -5 -24 38 
-128 8 -34 178 
-115 147 -35 149 
-110 52 -87 105 
-29 166 -77 177 
-131 194 -90 87 
-116 86 -118 -28 
22 170 -1 145 
-124 -119 -73 111 
-159 -143 78 127 
-92 -22 -104 -71 
8 26 47 145 
-114 -62 -148 -88 
-198 -68 -78 36 
-133 111 -151 25 
-144 144 54 99 
-48 176 -125 -115 
-72 -64 88 89 
-62 18 -181 -118 
30 125 -183 -24 
-119 187 43 64 
-177 24 -171 186 
-17 41 118 196 
-112 158 -122 57 
-123 -89 -148 197 
30 161 -117 -41 
-74 -64 -77 163 
59 83 18 51 
-172 -157 -148 -144 
-114 175 -129 -101 
-121 -9 -135 -88 
-153 70 2 155 
-132 -44 110 160 
-84 76 -110 -57 
-89 -2 -84 111 
-22 91 -154 140 
25 166 -10 114 
-15 7 18 156 
-16 127 34 69 
-6 101 -93 7 
147 150 -105 -61 
91 197 68 167 
-193 37 -94 91 
-60 -54 -133 184 
-113 183 31 67 
32 184 59 98 
97 98 -139 112 
-126 161 -176 -22 
18 96 -52 154 
121 163 139 146 
-109 103 89 183 
-10 68 77 143 
150 175 92 104 
-106 -93 -119 -112 
51 88 -4 106 
-176 -135 -35 72 
-130 90 -183 -106 
-126 59 -145 70 
80 111 -43 4 
-192 12 -114 50 
-165 -63 -32 134 
-6 192 143 179 
-184 -70 -34 -27 
-118 90 15 179 
163 181 -38 174 
-2 120 31 185 
36 74 -70 161 
28 177 -92 -85 
-30 92 113 183 
27 40 -83 167 
120 161 -45 -2 
24 27 -123 31 
-162 136 147 157 
149 190 -139 49 
-46 15 -107 28 
168 191 -117 -59 
-76 3 -106 68 
142 163 -185 -159 
-180 101 -110 -108 
-136 -8 -119 23 
-128 -8 -73 79 
-174 -34 2 5 
6 9 52 101 
76 85 -82 30 
152 154 -32 137 
-43 100 -67 156 
-108 195 -165 188 
-158 40 -4 39 
-32 161 -63 -35 
158 159 -150 -23 
6 163 -140 142 
45 144 -99 92 
-139 90 -4 52