200
10
2 37.06
3 55.1
4 72.99
7 126.97
9 163.03
10 180.95
11 199.1
12 217.01
13 234.95
14 252.96
15 271.01
18 325.04
19 343.09
23 415
25 450.92
26 468.99
27 486.99
29 523.01
30 375.95
31 388.04
33 411.9
34 424.01
35 436.01
36 447.91
39 484.07
40 495.98
41 507.9
42 519.97
44 544.01
47 580.09
48 591.98
49 604.1
50 616.07
53 651.93
54 664.01
55 675.97
56 131.98
57 133.9
58 136.02
59 138.09
60 140.01
61 142.04
63 146.06
64 148.04
65 150.02
67 153.96
69 157.91
70 159.99
71 162.07
72 164.08
73 166.08
74 167.91
75 169.98
76 171.92
77 1249.96
78 1265.9
80 1298.09
81 1313.95
83 1346.09
84 1361.95
86 1393.92
87 1409.98
88 1425.98
90 1458.06
93 1506
94 1521.95
95 1537.97
98 1585.99
99 1602.07
101 1634.07
102 1649.93
103 1665.98
104 228.08
105 230.03
106 232.07
107 233.97
110 240.04
111 241.93
115 250.02
116 251.97
117 253.92
118 256.06
119 258.1
120 260.04
122 264
124 268.09
125 269.92
127 273.9
129 277.91
132 283.91
134 2148.02
135 2163.9
136 2179.9
137 2196.01
140 2243.9
142 2276.03
143 2291.93
144 2307.93
145 2323.93
146 2339.96
147 2356.02
151 2420.08
152 2435.92
153 2452.1
154 2468.02
156 2499.95
157 2516.04
159 2548.03
162 2771.1
163 2788.07
164 2805.09
167 2856.06
171 2924
172 2940.92
174 2975.1
179 3060.08
180 3077.07
181 3094
182 3111
183 3127.9
184 3145.09
185 3161.98
186 3179.07
188 3213.06
189 3229.98
190 3246.98
192 3088.07
193 3104.03
194 3119.9
195 3135.96
196 3151.94
198 3183.92
199 3199.93
201 3231.92
202 3248.03
204 3280.09
206 3311.96
208 3344.06
210 3375.97
212 3408.09
213 3423.9
214 3439.95
216 3472.1
217 3487.93
219 1754.04
221 1769.92
222 1777.98
223 1785.92
224 1793.97
225 1801.92
226 1810.08
227 1817.98
228 1825.96
229 1833.99
230 1841.94
232 1857.97
233 1865.93
234 1873.98
237 1898
238 1905.99
240 1921.95
241 1929.98
242 968.97
246 984.91
247 988.96
248 992.99
249 997.02
250 1000.96
251 1004.94
253 1013.01
254 1017.09
257 1028.93
258 1032.95
259 1036.95
262 1048.98
263 1053.1
264 1057.1
267 1068.9
268 1072.91
269 1077.03
270 3260
273 3296.03
275 3319.96
276 3332.05
277 3343.93
278 3355.99
279 3367.98
280 3380.07
281 3392.08
282 3404.05
283 3416.06
289 3488.08
290 3500.03
291 3512
292 3523.99
294 3547.94
297 3584.01
298 3595.98
299 3607.96
300 3619.9
